$ 1 0.000005 0.7389056098930651 37 5 43
R -1264 -496 -1296 -496 0 0 40 5 0 0 0.5
w -1264 -448 -1264 -368 0
w -1264 -368 -1264 -352 0
w -1264 -448 -1264 -496 0
w -1072 -496 -1136 -496 0
w -1072 -496 -784 -496 0
w -464 -496 -416 -496 0
! tristate-octal-d-flip-flop 0 /OE,Clk,D0,D1,D2,D3,D4,D5,D6,D7 Q0,Q1,Q2,Q3,Q4,Q5,Q6,Q7 tristate-octal-d-flip-flop 1?????????\q________\n0\pABCDEFGH\qABCDEFGH\n0?????????ABCDEFGH\qABCDEFGH\n
208 -560 -320 -496 -320 0 tristate-octal-d-flip-flop 0 0 0 0 0 0 0 0
w -976 -96 -928 -96 0
w -928 -288 -880 -288 0
162 -464 -320 -400 -320 2 default-led 1 0 0 0.01
162 -464 -288 -400 -288 2 default-led 1 0 0 0.01
162 -464 -256 -400 -256 2 default-led 1 0 0 0.01
162 -464 -224 -400 -224 2 default-led 1 0 0 0.01
162 -464 -192 -400 -192 2 default-led 1 0 0 0.01
162 -464 -160 -400 -160 2 default-led 1 0 0 0.01
162 -464 -128 -400 -128 2 default-led 1 0 0 0.01
162 -464 -96 -400 -96 2 default-led 1 0 0 0.01
w -1264 -304 -1264 -256 0
R -1168 -144 -1216 -144 1 2 1 2.5 2.5 0 0.5
s -1200 -48 -1168 -48 0 1 true
w -1248 -48 -1200 -48 0
S -1248 -96 -1120 -96 0 1 false 0 2
w -1264 -352 -1264 -304 0
150 -1104 -64 -1040 -64 0 2 0 5
w -1168 -48 -1104 -48 0
w -1120 -80 -1104 -80 0
w -1168 -144 -1104 -144 0
150 -1104 -128 -1040 -128 0 2 0 5
152 -1024 -96 -976 -96 0 2 0 5
w -1040 -64 -1040 -80 0
w -1040 -80 -1024 -80 0
w -1040 -128 -1040 -112 0
w -1040 -112 -1024 -112 0
w -1120 -112 -1104 -112 0
x -1239 -186 -1158 -183 4 24 CLOCK
x -1236 -171 -1086 -168 4 10 up:\sastable,\sdown:\smonostable
s -592 208 -592 256 0 1 false
s -560 208 -560 256 0 1 false
s -528 208 -528 256 0 1 false
s -496 208 -496 256 0 1 false
s -464 208 -464 256 0 1 false
s -432 208 -432 256 0 1 false
s -400 208 -400 256 0 1 false
s -368 208 -368 256 0 1 false
w -1264 -496 -1136 -496 0
w -1264 -256 -1264 -96 0
w -1264 -48 -1248 -48 0
w -1264 -96 -1264 -48 0
w -1264 -96 -1248 -96 0
w -928 -288 -928 -96 0
w -592 256 -592 320 0
w -560 256 -560 336 0
w -528 256 -528 352 0
w -496 256 -496 352 0
w -464 256 -464 384 0
w -432 256 -432 400 0
w -400 256 -400 416 0
w -368 256 -368 416 0
162 -592 432 -592 496 2 default-led 1 0 0 0.01
162 -560 432 -560 496 2 default-led 1 0 0 0.01
162 -528 432 -528 496 2 default-led 1 0 0 0.01
162 -496 432 -496 496 2 default-led 1 0 0 0.01
162 -464 432 -464 496 2 default-led 1 0 0 0.01
162 -432 432 -432 496 2 default-led 1 0 0 0.01
162 -400 432 -400 496 2 default-led 1 0 0 0.01
162 -368 432 -368 496 2 default-led 1 0 0 0.01
r -592 496 -592 544 0 5000
r -560 496 -560 544 0 5000
r -528 496 -528 544 0 5000
r -496 496 -496 544 0 5000
r -464 496 -464 544 0 5000
r -432 496 -432 544 0 5000
r -400 496 -400 544 0 5000
r -368 496 -368 544 0 5000
w -592 544 -560 544 0
w -560 544 -528 544 0
w -528 544 -496 544 0
w -496 544 -464 544 0
w -464 544 -432 544 0
w -432 544 -400 544 0
w -400 544 -368 544 0
g -592 544 -656 544 0
x -574 577 -385 580 4 24 BUS\sCONTENTS
! tristate-octal-transciever 0 \\OE,A0,A1,A2,A3,A4,A5,A6,A7 Q0,Q1,Q2,Q3,Q4,Q5,Q6,Q7 tristate-octal-buffer 1????????\q________\n0ABCDEFGH\qABCDEFGH\n
208 -224 -352 -192 -352 0 tristate-octal-transciever 0 0 0 0 0 0 0 0
w -400 -96 -384 -96 0
w -384 -96 -368 -96 0
w -368 -96 -352 -96 0
w -352 -96 -336 -96 0
w -336 -96 -320 -96 0
w -320 -96 -304 -96 0
w -304 -96 -288 -96 0
w -288 -96 -272 -96 0
w -272 -96 -256 -96 0
w -256 -96 -240 -96 0
w -240 -96 -224 -96 0
w -240 -128 -224 -128 0
w -256 -128 -240 -128 0
w -272 -128 -256 -128 0
w -288 -128 -272 -128 0
w -304 -128 -288 -128 0
w -320 -128 -304 -128 0
w -336 -128 -320 -128 0
w -352 -128 -336 -128 0
w -368 -128 -352 -128 0
w -384 -128 -368 -128 0
w -400 -128 -384 -128 0
w -240 -160 -224 -160 0
w -256 -160 -240 -160 0
w -272 -160 -256 -160 0
w -288 -160 -272 -160 0
w -304 -160 -288 -160 0
w -320 -160 -304 -160 0
w -336 -160 -320 -160 0
w -352 -160 -336 -160 0
w -368 -160 -352 -160 0
w -384 -160 -368 -160 0
w -400 -160 -384 -160 0
w -240 -192 -224 -192 0
w -256 -192 -240 -192 0
w -272 -192 -256 -192 0
w -288 -192 -272 -192 0
w -304 -192 -288 -192 0
w -320 -192 -304 -192 0
w -336 -192 -320 -192 0
w -352 -192 -336 -192 0
w -368 -192 -352 -192 0
w -384 -192 -368 -192 0
w -400 -192 -384 -192 0
w -240 -224 -224 -224 0
w -256 -224 -240 -224 0
w -272 -224 -256 -224 0
w -288 -224 -272 -224 0
w -304 -224 -288 -224 0
w -320 -224 -304 -224 0
w -336 -224 -320 -224 0
w -352 -224 -336 -224 0
w -368 -224 -352 -224 0
w -384 -224 -368 -224 0
w -400 -224 -384 -224 0
w -240 -256 -224 -256 0
w -256 -256 -240 -256 0
w -272 -256 -256 -256 0
w -288 -256 -272 -256 0
w -304 -256 -288 -256 0
w -320 -256 -304 -256 0
w -336 -256 -320 -256 0
w -352 -256 -336 -256 0
w -368 -256 -352 -256 0
w -384 -256 -368 -256 0
w -400 -256 -384 -256 0
w -240 -288 -224 -288 0
w -256 -288 -240 -288 0
w -272 -288 -256 -288 0
w -288 -288 -272 -288 0
w -304 -288 -288 -288 0
w -320 -288 -304 -288 0
w -336 -288 -320 -288 0
w -352 -288 -336 -288 0
w -368 -288 -352 -288 0
w -384 -288 -368 -288 0
w -400 -288 -384 -288 0
w -400 -320 -384 -320 0
w -384 -320 -368 -320 0
w -368 -320 -352 -320 0
w -352 -320 -336 -320 0
w -336 -320 -320 -320 0
w -320 -320 -304 -320 0
w -304 -320 -288 -320 0
w -288 -320 -272 -320 0
w -272 -320 -256 -320 0
w -256 -320 -240 -320 0
w -240 -320 -224 -320 0
w -1264 -48 -1264 112 0
w -1264 208 -592 208 0
w -592 208 -560 208 0
w -560 208 -528 208 0
w -528 208 -496 208 0
w -496 208 -464 208 0
w -464 208 -432 208 0
w -432 208 -400 208 0
w -400 208 -368 208 0
w -224 -352 -320 -352 0
w -560 -320 -560 -352 0
w -560 -352 -464 -352 0
w -464 -352 -352 -352 0
s -352 -528 -352 -576 0 1 false
s -320 -528 -320 -576 0 0 false
w -416 -496 -416 -576 0
w -416 -576 -352 -576 0
w -352 -576 -320 -576 0
x -370 -583 -334 -580 4 6 RA_DISABLE
x -332 -583 -316 -580 4 6 RA_IN
w -320 -352 -320 -528 0
w -352 -352 -352 -528 0
w -1264 208 -1264 112 0
w 560 -448 560 -480 0
w 320 -416 320 -448 0
w 656 -448 560 -448 0
w 640 -416 656 -416 0
w 624 -416 640 -416 0
w 608 -416 624 -416 0
w 592 -416 608 -416 0
w 576 -416 592 -416 0
w 560 -416 576 -416 0
w 544 -416 560 -416 0
w 528 -416 544 -416 0
w 512 -416 528 -416 0
w 496 -416 512 -416 0
w 480 -416 496 -416 0
w 480 -384 496 -384 0
w 496 -384 512 -384 0
w 512 -384 528 -384 0
w 528 -384 544 -384 0
w 544 -384 560 -384 0
w 560 -384 576 -384 0
w 576 -384 592 -384 0
w 592 -384 608 -384 0
w 608 -384 624 -384 0
w 624 -384 640 -384 0
w 640 -384 656 -384 0
w 480 -352 496 -352 0
w 496 -352 512 -352 0
w 512 -352 528 -352 0
w 528 -352 544 -352 0
w 544 -352 560 -352 0
w 560 -352 576 -352 0
w 576 -352 592 -352 0
w 592 -352 608 -352 0
w 608 -352 624 -352 0
w 624 -352 640 -352 0
w 640 -352 656 -352 0
w 480 -320 496 -320 0
w 496 -320 512 -320 0
w 512 -320 528 -320 0
w 528 -320 544 -320 0
w 544 -320 560 -320 0
w 560 -320 576 -320 0
w 576 -320 592 -320 0
w 592 -320 608 -320 0
w 608 -320 624 -320 0
w 624 -320 640 -320 0
w 640 -320 656 -320 0
w 480 -288 496 -288 0
w 496 -288 512 -288 0
w 512 -288 528 -288 0
w 528 -288 544 -288 0
w 544 -288 560 -288 0
w 560 -288 576 -288 0
w 576 -288 592 -288 0
w 592 -288 608 -288 0
w 608 -288 624 -288 0
w 624 -288 640 -288 0
w 640 -288 656 -288 0
w 480 -256 496 -256 0
w 496 -256 512 -256 0
w 512 -256 528 -256 0
w 528 -256 544 -256 0
w 544 -256 560 -256 0
w 560 -256 576 -256 0
w 576 -256 592 -256 0
w 592 -256 608 -256 0
w 608 -256 624 -256 0
w 624 -256 640 -256 0
w 640 -256 656 -256 0
w 480 -224 496 -224 0
w 496 -224 512 -224 0
w 512 -224 528 -224 0
w 528 -224 544 -224 0
w 544 -224 560 -224 0
w 560 -224 576 -224 0
w 576 -224 592 -224 0
w 592 -224 608 -224 0
w 608 -224 624 -224 0
w 624 -224 640 -224 0
w 640 -224 656 -224 0
w 640 -192 656 -192 0
w 624 -192 640 -192 0
w 608 -192 624 -192 0
w 592 -192 608 -192 0
w 576 -192 592 -192 0
w 560 -192 576 -192 0
w 544 -192 560 -192 0
w 528 -192 544 -192 0
w 512 -192 528 -192 0
w 496 -192 512 -192 0
w 480 -192 496 -192 0
208 656 -448 688 -448 0 tristate-octal-transciever 0 0 0 0 0 0 0 0
162 416 -192 480 -192 2 default-led 1 0 0 0.01
162 416 -224 480 -224 2 default-led 1 0 0 0.01
162 416 -256 480 -256 2 default-led 1 0 0 0.01
162 416 -288 480 -288 2 default-led 1 0 0 0.01
162 416 -320 480 -320 2 default-led 1 0 0 0.01
162 416 -352 480 -352 2 default-led 1 0 0 0.01
162 416 -384 480 -384 2 default-led 1 0 0 0.01
162 416 -416 480 -416 2 default-led 1 0 0 0.01
w 272 -384 320 -384 0
208 320 -416 384 -416 0 tristate-octal-d-flip-flop 0 0 0 0 0 0 0 0
w -928 -288 -928 -368 0
w -928 -368 -928 -384 0
w -928 -384 272 -384 0
w -784 -496 -464 -496 0
w -880 -288 -560 -288 0
w -368 432 -608 432 0
w -608 432 -608 128 0
w -608 -32 -560 -32 0
w -400 416 -624 416 0
w -624 416 -624 112 0
w -624 -64 -560 -64 0
w -368 416 -368 432 0
w -400 416 -400 432 0
w -432 400 -432 432 0
w -432 400 -640 400 0
w -640 400 -640 96 0
w -640 -96 -560 -96 0
w -464 384 -464 432 0
w -464 384 -656 384 0
w -656 384 -656 80 0
w -656 -128 -560 -128 0
w -496 368 -672 368 0
w -672 368 -672 64 0
w -672 -160 -560 -160 0
w -496 368 -496 432 0
w -496 352 -496 368 0
w -528 352 -688 352 0
w -688 352 -688 48 0
w -688 -192 -560 -192 0
w -528 352 -528 432 0
w -560 336 -560 432 0
w -560 336 -704 336 0
w -704 336 -704 32 0
w -704 -224 -560 -224 0
w -592 320 -592 432 0
w -592 320 -720 320 0
w -720 320 -720 16 0
w -720 -256 -560 -256 0
x -603 186 -338 189 4 21 B0\sB1\sB2\sB3\sB4\sB5\sB6\sB7
w -128 -352 -112 -352 0
w -128 -320 -96 -320 0
w -128 -288 -80 -288 0
w -128 -256 -64 -256 0
w -128 -224 -48 -224 0
w -128 -192 -32 -192 0
w -128 -160 -16 -160 0
w -128 -128 0 -128 0
w -112 -352 320 -352 0
w -112 -352 -112 16 0
w -720 16 -720 -256 0
w -704 32 -704 -224 0
w -688 48 -688 -192 0
w -672 64 -672 -160 0
w -656 80 -656 -128 0
w -640 96 -640 -96 0
w -624 112 -624 -64 0
w -608 128 -608 -32 0
w -112 16 -720 16 0
w -96 -320 320 -320 0
w -80 -288 320 -288 0
w -64 -256 320 -256 0
w -48 -224 320 -224 0
w -32 -192 320 -192 0
w -16 -160 320 -160 0
w 0 -128 320 -128 0
w -96 -320 -96 32 0
w -96 32 -704 32 0
w -80 -288 -80 48 0
w -80 48 -688 48 0
w -64 -256 -64 64 0
w -64 64 -672 64 0
w -48 -224 -48 80 0
w -48 80 -656 80 0
w -32 -192 -32 96 0
w -32 96 -640 96 0
w -16 -160 -16 112 0
w -16 112 -624 112 0
w 0 -128 0 128 0
w 0 128 -608 128 0
w 320 -448 -288 -448 0
w -288 -448 -288 -528 0
w 560 -480 -256 -480 0
w -256 -480 -256 -528 0
w -320 -576 -288 -576 0
w -288 -576 -256 -576 0
s -288 -528 -288 -576 0 0 false
s -256 -528 -256 -576 0 1 false
x -268 -583 -251 -580 4 6 RB_IN
x -310 -583 -273 -580 4 6 RB_DISABLE
w -224 -96 -224 192 0
w -240 -128 -240 208 0
w -256 -160 -256 224 0
w -272 -192 -272 240 0
w -288 -224 -288 256 0
w -304 -256 -304 272 0
w -320 -288 -320 288 0
w -336 -320 -336 304 0
w 752 -224 752 128 0
w 0 128 752 128 0
w 752 -256 768 -256 0
w 768 -256 768 112 0
w 768 112 -16 112 0
w 752 -288 784 -288 0
w 784 -288 784 96 0
w 784 96 -32 96 0
w 752 -320 800 -320 0
w 800 -320 800 80 0
w 800 80 -48 80 0
w 752 -352 816 -352 0
w 816 -352 816 64 0
w 816 64 -64 64 0
w 752 -384 832 -384 0
w 832 -384 832 48 0
w 832 48 -80 48 0
w 752 -416 848 -416 0
w 848 -416 848 32 0
w 848 32 -96 32 0
w 752 -448 864 -448 0
w 864 -448 864 16 0
w 864 16 -112 16 0
x -434 -46 -394 -43 4 30 RA
x 507 -121 549 -118 4 30 RB
